[
    {
        "main/loss": 21.88040771484375,
        "main/loss/loc": 2.6240639209747316,
        "main/loss/conf": 19.256344032287597,
        "lr": 0.001,
        "epoch": 0,
        "iteration": 10,
        "elapsed_time": 1088.961344991927
    }
]